0	98.84510950196416
10	93.38007443326498
20	86.94882084978444
30	83.03153927533722
40	79.00096500666187
50	73.85857394266796
60	69.95766425610331
70	67.45426996017395
80	61.870487952845764
90	59.59558741571829
100	57.03006015334372
110	54.81194265338342
120	49.82632376134209
130	47.10633274012942
140	44.897082926114415
150	43.66550800854916
160	42.150199339982365
170	40.55877741073561
180	39.61590171368163
190	38.42624802759202
200	37.356675723093254
210	36.58634443610704
220	35.66241152952079
230	34.60215994855519
240	33.75457137361868
250	33.719501642854816
260	33.70964724386735
270	33.519577227834695
280	33.18090474753786
290	32.489577646145996
300	32.00368622162757
310	31.553100575104448
320	30.653898929383246
330	30.691723201242784
340	29.87728171484046
350	29.446904410197185
360	29.470793821580568
370	29.141543446464134
380	28.98156300404685
390	29.013096266553205
400	28.92208325801869
410	28.343078643353195
420	27.932365975824258
430	27.09138851548557
440	27.30261419300781
450	27.388806677380835
460	27.287545229303486
470	26.97696880985638
480	27.019215327236253
490	27.008579872340032
500	27.153780725784816
510	26.189958905885902
520	25.204900591880392
530	24.87508085731275
540	24.741955158576012
550	24.805313701790695
560	24.678032146821348
570	24.397604684296102
580	24.56028040316107
590	24.33812361792387
600	24.511961701283482
610	23.999676651331157
620	23.894870025393928
630	23.709716585599995
640	23.482553891311646
650	23.168006430490383
660	23.046097662104074
670	23.415457377633423
680	23.04823840674533
690	23.012871568720467
700	22.72404356947322
710	23.110322608021665
720	22.786237891541234
730	22.505734443219467
740	22.77584079033294
750	22.09414483899593
760	21.964329011726573
770	21.851844001663036
780	21.58874476780466
790	21.725608742092916
800	21.680224161980526
810	21.516852538711856
820	21.291439199815876
830	21.392210653485936
840	21.1039322522364
850	21.386272422602538
860	21.381463164910198
870	21.528050530261226
880	21.063343982406014
890	20.83994698750861
900	21.01125789756358
910	21.06909768460253
920	20.947873965877115
930	20.719821596884756
940	20.781267574467712
950	20.371122322909567
960	20.514268115763183
970	20.256698734228983
980	20.229092225040194
990	20.195646160503237
1000	20.66234397541635
1010	20.367107296220485
1020	20.191220348836993
1030	20.313510150398294
1040	20.251160017443944
1050	20.151076796508082
1060	20.752231997474865
1070	20.666922938926636
1080	19.715750980802877
1090	19.79695984459074
1100	19.776828446355193
1110	19.868693596480583
1120	19.906350689612147
1130	19.923978393923452
1140	19.845567981678542
1150	19.374724013478858
1160	19.852713708054136
1170	19.404660872534883
1180	19.915438276968338
1190	19.474120958868294
1200	19.183330831900115
1210	19.291040304462268
1220	19.26977641783028
1230	19.778589749575513
1240	19.559923136825176
1250	19.175899965690913
1260	19.263447622950494
1270	19.173441520084694
1280	19.270218331951718
1290	19.14373615332707
1300	19.42655695523621
1310	19.65780982651103
1320	19.0792247712109
1330	19.04816608384362
1340	19.891453217059105
1350	19.059663286880365
1360	19.07800395638572
1370	19.059308101306396
1380	19.118100145976328
1390	19.38965999578815
1400	19.08187107832044
1410	19.269563635715016
1420	19.039607840759352
1430	19.071663121068383
1440	19.010145994587557
1450	18.913796617556713
1460	19.04870320298906
1470	19.20668256606922
1480	19.286720667163912
1490	19.347727701978286
1500	19.243781284624095
1510	19.094275150823343
1520	18.930799128079414
1530	19.120723679289473
1540	19.133382182888823
1550	18.955910915304617
1560	19.139843352569414
1570	18.900276372574446
1580	19.311990069795346
1590	19.06978847475081
1600	19.421062059086896
1610	19.190741934087654
1620	19.15184776728475
1630	19.136127061112923
1640	18.89439945886443
1650	18.800799882153743
1660	18.750989832806454
1670	18.610897928885365
1680	18.86084846307006
1690	18.509527017434674
1700	18.72476115123806
1710	18.604175025886647
1720	18.677544547292694
1730	18.509162177976776
1740	19.101663224351775
1750	18.96206458678881
1760	18.9255416272809
1770	18.52942564601465
1780	18.620855814337496
1790	18.721138466288863
1800	18.627956164514025
1810	18.57249726735369
1820	18.497398042880153
1830	18.251723539595886
1840	18.490523824780517
1850	18.428223554341503
1860	18.47160010194619
1870	18.387936515065938
1880	18.70139937925404
1890	18.49759181933621
1900	18.623371854371687
1910	18.69097074430603
1920	18.451013530064557
1930	18.51874566296747
1940	18.5462602007738
1950	18.808884373170056
1960	18.922182626765963
1970	18.43305206501274
1980	18.57433958223514
1990	19.127320047741083
2000	18.79452547309161
2010	18.6136433953654
2020	18.43683078467591
2030	18.37512042719715
2040	18.582333836997975
2050	18.82352111183588
2060	18.790792720780427
2070	18.874821592613714
2080	18.713846799618512
2090	18.53125493939665
2100	18.678277780070676
2110	18.570689425165998
2120	18.489100506616722
2130	18.519096734178724
2140	18.307109182983254
2150	18.191039668403832
2160	18.99760640449725
2170	18.86030258880359
2180	18.87815965506444
2190	19.04559319801803
2200	17.957578561976103
2210	18.2876791798885
2220	18.076887954263142
2230	18.353277341528266
2240	18.095043399676353
2250	18.096103447434626
2260	18.0886819850695
2270	18.053171224725464
2280	18.16843669933494
2290	18.313180727597864
2300	18.11897231534472
2310	18.285831639322247
2320	18.166176940786446
2330	18.530611130622667
2340	18.02741049347815
2350	17.932185031306755
2360	18.356245449770213
2370	18.229194921775004
2380	18.419568062156358
2390	18.663451866044312
2400	18.06518158154988
2410	17.845360477525244
2420	18.076327602534924
2430	18.102685336378187
2440	18.063239509250412
2450	18.563598276179583
2460	18.119351952961566
2470	18.18298329927134
2480	17.744843298786012
2490	17.997424575695643
2500	18.018461843999365
2510	17.9361580790269
2520	17.95663909368652
2530	17.974705231418433
2540	17.9719345377462
2550	17.91437322070915
2560	17.93584113492862
2570	17.639346003109075
2580	17.713991063747986
2590	18.61463493606744
2600	18.293104863479904
2610	17.890855135345518
2620	17.936700891785332
2630	18.306847279182723
2640	17.594479110048074
2650	18.135774047943382
2660	17.98743505744674
2670	17.71911337807614
2680	17.866340801846373
2690	17.672968796595523
2700	17.806312080303478
2710	18.22088221624275
2720	18.530612755593893
2730	17.835675081581613
2740	17.849734629122448
2750	17.891620239281597
2760	17.84619363093624
2770	17.696370216314087
2780	17.838648300822285
2790	17.89105200134113
2800	18.04420036936449
2810	18.056673831123287
2820	17.801341760949217
2830	17.791498943466152
2840	18.15757161839136
2850	17.939199983070324
2860	17.68998103590872
2870	17.935186022972285
2880	17.885758528673435
2890	17.859759556456748
2900	18.185402514864574
2910	17.760372182063644
2920	17.840636971519306
2930	17.93089254396839
2940	17.878342092661573
2950	17.529173906240654
2960	17.833184526849124
2970	18.01742001130143
2980	18.155584762363667
2990	18.30447766806096
3000	17.892011798029305
3010	17.719346367209145
3020	18.27514944640584
3030	18.062709991657986
3040	17.6931102778009
3050	17.77461314139488
3060	17.634058640460836
3070	17.799079351338047
3080	18.50927333622825
3090	17.884517118635596
3100	17.55836045457179
3110	17.60081328556128
3120	17.41657772162431
3130	17.328282520261922
3140	17.494749821221824
3150	17.414848848136682
3160	17.719999233348926
3170	17.367453771503207
3180	17.32153761857465
3190	17.45313260853587
3200	17.49509113498947
3210	17.177389295783218
3220	17.331241787805208
3230	17.37258449351249
3240	17.23687638357083
3250	17.462540586150812
3260	17.423258452249954
3270	17.52337424130402
3280	17.820394804897955
3290	17.316300931526495
3300	17.629049585985445
3310	17.225958570852907
3320	17.488718714702507
3330	17.89705027443157
3340	17.44057551905454
3350	17.276071968785097
3360	17.464875090391285
3370	17.30978096033591
3380	17.409843058816637
3390	17.30530694197125
3400	17.37138296281397
3410	17.58775996216947
3420	17.382761704456353
3430	17.491925285473517
3440	17.386721790568252
3450	17.233471259651267
3460	17.516990783248335
3470	17.415951557541774
3480	17.282145444381296
3490	17.327563327893785
3500	17.551595498057324
3510	17.1704638473075
3520	17.145944691766314
3530	17.23732841551664
3540	17.178760267215125
3550	17.13732133963939
3560	17.039708416597904
3570	17.361275782377206
3580	17.108316279895504
3590	17.16284459672244
3600	17.037584522792596
3610	17.298456223700946
3620	17.20274770583882
3630	17.324368576300543
3640	17.16599519276705
3650	17.185303856835557
3660	17.08359435669098
3670	17.30398256785983
3680	17.092590062918333
3690	17.183777972044446
3700	17.245915182808417
3710	17.053926690892133
3720	17.127556164660472
3730	17.1057366741012
3740	17.130376036546476
3750	17.213421638748812
3760	17.16550861849333
3770	17.096011355172337
3780	17.26289129589316
3790	17.338412142216548
3800	17.288042544853997
3810	17.31826411362558
3820	17.091420836310586
3830	17.265766008038785
3840	17.125809732505285
3850	17.34719870644101
3860	17.208746795785107
3870	17.029496533040398
3880	17.143726621535976
3890	17.187644670524506
3900	17.373772024498333
3910	17.269681072357795
3920	17.234724399117866
3930	17.177794622825267
3940	17.19084071927498
3950	17.249380701677566
3960	17.181546649790416
3970	17.021097769642232
3980	17.184405085594218
3990	17.34935187746744
4000	17.03551050424541
4010	17.062986401764924
4020	17.160657745485587
4030	17.370374802579384
4040	17.041834741726593
4050	17.054394429565576
4060	17.37538372321316
4070	17.02276883387892
4080	17.488186089525822
4090	17.198806965529243
4100	17.27553014463859
4110	17.214918688768368
4120	17.784731579348183
4130	17.00899788227115
4140	17.15476275972582
4150	17.332067200366733
4160	17.20557621960053
4170	17.0117489429533
4180	16.949761614096932
4190	17.244049515797318
4200	17.280248305495228
4210	17.087226900345005
4220	17.120317258721442
4230	17.15253539599421
4240	17.233860834885892
4250	17.210101348437192
4260	17.050500312724452
4270	17.25991845490441
4280	17.05242806258978
4290	16.992401044859392
4300	16.99393546044381
4310	17.232165434710012
4320	17.068937851802612
4330	16.960922056528226
4340	17.04464698972849
4350	16.95863036591795
4360	17.224537435969207
4370	17.054772516869438
4380	16.981312953009045
4390	16.957514383554525
4400	17.015217942869953
4410	17.115112313485735
4420	17.09503719702424
4430	16.975644851849435
4440	17.09799718632442
4450	17.145260103120634
4460	16.98600617436856
4470	17.120528160829583
4480	17.184754464403852
4490	17.395405775342482
4500	16.953973989283178
4510	16.856716263198717
4520	17.201569203265752
4530	17.010128623912983
4540	16.96524869838481
4550	17.103997065530862
4560	17.38478683488594
4570	16.94640894220113
4580	17.158965111130033
4590	17.037627799469867
4600	16.982645619768252
4610	17.04645016385422
4620	17.057261977909935
4630	17.015419984756253
4640	17.220220924319385
4650	16.97123111791377
4660	17.156284395425097
4670	17.149194360792354
4680	17.03987358798167
4690	16.93940653246627
4700	17.018082314258624
4710	17.088926140560524
4720	17.03503100483948
4730	17.127053556977856
4740	17.057775295838486
4750	17.052011158335937
4760	17.21421388415213
4770	17.242005804912388
4780	16.910922854736338
4790	16.960492047570742
4800	16.912892930399092
4810	17.21349776604097
4820	16.997161666927255
4830	17.142385052005682
4840	16.993424336553694
4850	17.351733873417718
4860	16.96938138990688
4870	16.937426868091112
4880	16.967551330709508
4890	17.067834444606454
4900	17.06651571395613
4910	16.95107077111585
4920	17.128183094733505
4930	17.421620000474302
4940	17.467558763157022
4950	17.27645828660256
4960	17.50178120811509
4970	17.059855905478855
4980	16.859352718467264
4990	17.12135048371401
5000	17.269594315149075
